0.25839170029172304
0.2553556337972788
0.25253780761706546
0.24993071133638908
0.24751642558415246
0.24530379526534904
0.243289819415348
0.24142813278174605
0.23974487255975183
0.23819439068838685
0.23679220377374469
0.2355106197321038
0.2343409030311231
0.23327378157739442
0.23231481663358694
0.23144529569388558
0.2306514890628684
0.22993430284364794
0.22927445878170158
0.22867801779793986
0.2281328363228224
0.22764441814320102
0.22718862862117814
0.22677868939603246
0.226407255477772
0.2260673526289993
0.22575928561338235
0.22547676262810823
0.2252180185078693
0.22498039467493358
0.2247658715186524
0.2245685076773156
0.22438748837621503
0.22422393211256678
0.22407361364788211
0.22393680957181866
0.22381209286583664
0.22369698218881043
0.22359306600945356
0.22349670554111212
0.22340755340620802
0.22332475574379393
0.22324996928090843
0.22318097801018463
0.22311781404627112
0.22306074870148426
0.22300672438245353
0.22295873070591396
0.22291378067255108
0.22287156176288614
0.22283404878506996
0.22279920841123596
0.22276640050586866
0.22273586838997186
0.22270849124929876
0.22268364438163252
0.22266131586303575
0.2226399522256343
0.22262072359535448
0.22260265991360706
0.2225862998714826
0.22257093228265143
0.22255645144420366
0.22254328411975036
0.22253114108476935
0.2225199403869296
0.22250995234327495
0.22250016248393945
0.22249108916911942
0.222482884677826
0.2224747249778012
0.22246757336830525
0.2224605854948675
0.22245419628329727
0.22244832070781995
0.22244295294726232
0.2224376032015531
0.22243250668636158
0.222428250144252
0.22242371526665242
0.22241949920708323
0.22241580165596236
0.22241197730298057
0.22240823601313478
0.22240490002948732
0.22240147815469
0.22239837788922548
0.222395586745544
0.22239282509934458
0.22239018210177253
0.2223875143961702
0.2223851019435026
0.22238300221102175
0.22238069127814833
0.2223786043942205
0.22237644938518691
0.22237437624687623
0.22237239536479458
0.2223704247928105
0.22236855861388788
0.2223667016770455
0.222364954905896
0.22236317465675373
0.22236147724896507
0.22235975538276234
0.2223582008415283
0.222356518872974
0.2223548304608153
0.22235314555478453
0.22235151624595342
0.2223498873051307
0.22234824059168987
0.22234665644453758
0.22234514458060378
0.22234364925752115
0.22234210738039212
0.22234062044774858
0.222339111014563
0.22233762854879574
0.22233616793553942
0.22233468649571944
0.22233324448617556
0.22233177439793486
0.22233034835484006
0.22232888671833337
0.2223275002699415
0.2223260567876783
0.22232459065320814
0.22232315555233023
0.2223217289574661
0.22232027885142577
0.22231880312499763
0.22231735481312562
0.22231587072450149
0.22231441513208686
0.22231294420395983
0.22231151007919026
0.222310080979922
0.22230863997139103
0.2223071797975607
0.22230569674897013
0.22230424344860214
0.22230277075692154
0.22230130920389976
0.22229984493413468
0.22229835541118298
0.22229688529930827
0.22229541203653522
0.22229393495102492
0.22229246957607682
0.22229097597658892
0.2222894962485406
0.22228801149822844
0.22228651040157638
0.22228501115886215
0.2222835082162117
0.22228199778556054
0.22228049926108379
0.22227899372109067
0.22227747527579403
0.22227595850472393
0.22227443807936673
0.22227290724853027
0.2222713812834243
0.2222698446589638
0.22226830259524705
0.2222667639556182
0.22226522277743116
0.2222636715304654
0.22226211798195042
0.22226056146445589
0.22225900014499078
0.22225743591253708
0.22225586708019487
0.22225429437286798
0.22225271660520673
0.22225113467454097
0.2222495494187471
0.22224796017062196
0.22224636515781002
0.22224477169785056
0.22224316937122796
0.22224156233442352
0.22223995036962582
0.2222383323111952
0.2222367077889671
0.22223508260542893
0.22223345401804565
0.22223182118614712
0.22223018591566981
0.22222853551176194
0.22222688700337503
0.2222252319823052
0.22222357382161764
0.22222191058649413
0.22222024179038577
0.22221857008294518
0.22221689239689468
0.22221521038548503
0.22221352182193574
0.22221182985376148
0.22221013361080305
0.2222084314281444
0.22220672428127314
0.22220501174478832
0.2222032937108499
0.2222015717996002
0.22219984608998675
0.22219811379977086
0.22219637625448124
0.22219463297413627
0.22219288525082853
0.22219113000425908
0.2221893709198075
0.22218760824016298
0.22218583942137324
0.22218406762267007
0.22218228318223923
0.22218049695446881
0.22217870553495994
0.2221769086777579
0.2221751067615295
0.22217329952869566
0.22217148559518787
0.2221696687314349
0.22216784450192362
0.22216601455516846
0.22216417597233068
0.2221623336516388
0.22216048604844296
0.22215863354540355
0.22215677792422936
0.22215491503196008
0.2221530450517578
0.2221511683380939
0.2221492867308424
0.22214739445715148
0.2221455020742365
0.2221436019609127
0.22214169589476487
0.22213977727134043
0.22213786339814184
0.2221359371306282
0.2221340026241497
0.22213205916307988
0.22213010730204008
0.22212815464952956
0.2221261986077455
0.22212423626158298
0.22212227224751405
0.2221202883758719
0.22211830667127047
0.22211631249190772
0.2221142975709161
0.22211229250793296
0.222110277958323
0.22210825503358908
0.22210622931188082
0.22210419668990738
0.22210215758009477
0.22210010920601098
0.2220980567114318
0.2220959972050593
0.22209392808146716
0.22209185324904748
0.22208977194156473
0.22208768159985587
0.222085582549302
0.22208347709749302
0.2220813644490431
0.22207924538135398
0.22207711880280853
0.2220749858884502
0.2220728457881999
0.22207069754152434
0.22206854184152203
0.22206637665847087
0.22206420370690177
0.22206203185256615
0.22205983884625718
0.22205764212885487
0.22205543588294727
0.22205322344337464
0.22205100223622523
0.22204877178203994
0.2220465359144871
0.2220442912539865
0.22204204267845834
0.22203978033080915
0.22203751266747895
0.22203523818029197
0.222032947468035
0.22203065157640114
0.2220283476770959
0.22202603550473135
0.2220237137068689
0.22202138418383058
0.22201904749126616
0.22201669994724152
0.22201434511833135
0.22201198112735845
0.22200960547378895
0.22200722409596144
0.22200483423131276
0.22200243226192978
0.22200002478731365
0.22199760744210373
0.2219951784900129
0.2219927409909447
0.221990293410625
0.22198784016684206
0.22198537358276363
0.22198289620637363
0.22198041138889238
0.22197792261137253
0.22197541937140242
0.2219729010631232
0.22197038233269684
0.2219678520964292
0.2219653059270176
0.22196274723043546
0.22196017589706388
0.2219576000207137
0.2219550125122454
0.22195241429015702
0.22194980809081544
0.22194719291983775
0.221944566095801
0.2219419316669388
0.2219392817162765
0.221936616056474
0.22193394422636406
0.22193126162453025
0.22192856679627412
0.22192586480506823
0.2219231511577561
0.22192042543319027
0.22191769133891268
0.22191494699810166
0.22191218216007572
0.22190941040648723
0.22190662982780912
0.22190383885157142
0.22190103155066052
0.22189821232204834
0.22189537841519058
0.22189253817747318
0.22188968425290145
0.22188682161030535
0.22188394279062632
0.2218810544765419
0.22187814893628338
0.2218752357337328
0.22187230823012385
0.22186936782368638
0.22186641544989802
0.2218634504856323
0.22186047326544742
0.2218574845317505
0.22185448090440768
0.22185146725832833
0.2218484401659905
0.221845399246339
0.22184234815127551
0.2218392793291586
0.22183619977117264
0.22183310670831077
0.2218300028470707
0.2218268743328204
0.22182373491882365
0.22182058549208297
0.2218174158121617
0.22181423506618356
0.2218110413907633
0.221807836814888
0.2218046147328431
0.22180138591214194
0.2217981424061997
0.2217948890785597
0.22179160688808425
0.22178830552307158
0.22178499685935468
0.22178167651586947
0.22177833412331144
0.22177498867417694
0.22177160821507863
0.22176822944660732
0.22176484049192074
0.2217614242616954
0.2217579846774424
0.22175454075262083
0.22175106752861704
0.2217475860798164
0.22174408114155975
0.22174056471217232
0.22173702374751006
0.22173347051719733
0.22172991442907095
0.22172634146671072
0.22172274193479033
0.22171913401025584
0.22171549625995868
0.22171185087794928
0.22170820096396343
0.22170452931195686
0.2217008283520119
0.22169710036506388
0.22169336362122286
0.22168961308170718
0.22168583822187593
0.22168203985057341
0.2216782298550765
0.22167440591316895
0.2216705514932469
0.22166670021155566
0.22166282779871543
0.22165892758936845
0.22165499229825886
0.2216510541020299
0.22164709136730756
0.22164311055765265
0.22163912788863258
0.2216350966438535
0.22163105891594787
0.22162699632540608
0.22162293003819136
0.22161882598306307
0.22161469260396163
0.22161056281127264
0.22160640338935253
0.22160222839393023
0.2215980235019351
0.22159380341965906
0.22158955123885174
0.2215852890069256
0.2215809969049868
0.22157669254613563
0.22157236895397597
0.22156801097763773
0.22156364351570285
0.22155925333874973
0.22155482081320926
0.22155037217917325
0.2215459046363723
0.22154141799642818
0.22153690754666702
0.22153237930784112
0.22152783582697477
0.22152325675049073
0.22151863423579501
0.22151400734428306
0.22150936216427738
0.22150468566765288
0.22149998521992614
0.2214952666064919
0.2214905187023361
0.2214857503298993
0.22148095008593185
0.22147611677304607
0.22147127243435188
0.22146638446957656
0.22146147829620152
0.2214565481600587
0.22145158494575615
0.22144660474578454
0.22144159229742894
0.22143655166917678
0.22143148889015257
0.22142640278347306
0.22142128902900607
0.2214161369505353
0.22141095912216946
0.22140576630202086
0.2214005444307407
0.22139528764832597
0.22138999977503238
0.22138468839978104
0.22137934238266987
0.22137397068073247
0.2213685599696841
0.22136313202080743
0.22135766975811852
0.22135217253200504
0.22134665591772726
0.22134110542689572
0.2213355238919426
0.22132991280142916
0.22132426586132567
0.22131859699717127
0.22131288393373022
0.22130714920707323
0.22130137273158854
0.221295566906375
0.2212897519394151
0.22128389078456553
0.22127800172413165
0.2212720513134627
0.22126608695993083
0.22126008371839687
0.22125404493418097
0.22124797641601085
0.2212418677260975
0.22123574007762362
0.22122957054019723
0.22122334539044833
0.22121709256309746
0.2212108106681606
0.22120449297183684
0.2211981406475437
0.22119175905779812
0.22118533297653928
0.22117887458086266
0.22117238512718101
0.22116583956524946
0.22115926249280127
0.2211526400396923
0.2211459988543947
0.2211393211275707
0.22113258465040025
0.22112580713445956
0.22111899438576987
0.22111214229158344
0.22110525496173256
0.2210983362305753
0.22109137599817918
0.22108437114349425
0.22107730064706443
0.22107021029432208
0.22106308268079422
0.22105588616468755
0.22104868898080252
0.22104142182983497
0.22103409360381965
0.2210267327756344
0.22101934820582
0.22101191921661678
0.2210044598083113
0.22099692676438532
0.22098935663186617
0.2209817463216832
0.22097410476537868
0.22096640007242765
0.2209586588465179
0.22095086485451657
0.22094301059493113
0.220935094252238
0.22092714622541168
0.22091913706359706
0.22091107927469042
0.22090296689434166
0.22089481771457697
0.22088660391598994
0.22087835030038136
0.22087006640607926
0.22086172931505807
0.2208533592498196
0.22084490967523795
0.220836407923934
0.22082785665318755
0.2208192619679756
0.2208105703210667
0.2208018656922352
0.22079309888137408
0.2207842662567404
0.22077539611235023
0.22076645976978496
0.2207574884987674
0.2207484239033506
0.2207393262792425
0.22073015354072334
0.22072097014618738
0.22071172463148064
0.22070241252405617
0.22069302458080298
0.22068356930373795
0.22067403968259267
0.22066449263160776
0.22065480678302762
0.2206451330027934
0.22063537141690423
0.22062555053113778
0.22061565552855342
0.22060571815495308
0.22059569745663757
0.22058564315424192
0.22057551627765512
0.2205652976526461
0.22055505337449738
0.2205447230126859
0.22053433024915475
0.2205238688693206
0.2205133519979375
0.220502748477095
0.22049206444124655
0.2204813144654926
0.22047050809960364
0.2204596551942011
0.22044871137778765
0.2204376837059444
0.2204265938081646
0.22041540312413177
0.22040418924525088
0.22039286047213322
0.22038146603434247
0.22036998757038573
0.22035844223183154
0.22034682737153363
0.22033518257231247
0.2203234218824724
0.22031157668023268
0.22029965483828534
0.22028768448325473
0.22027556779077304
0.22026339603657802
0.2202511308690554
0.2202388258411362
0.2202264335750849
0.2202139398452244
0.22020136287455114
0.2201886995927089
0.22017597890874324
0.2201631685256083
0.22015027260357303
0.22013726902962596
0.22012421528723497
0.2201111091987382
0.22009787642705542
0.22008455382624897
0.22007110882190714
0.2200576078280441
0.22004401912362234
0.22003033278218112
0.2200165742503031
0.2200027224546927
0.21998876262826217
0.2199746989045002
0.21996055682850837
0.21994633363849977
0.21993200935687415
0.21991759627484095
0.2199031014816136
0.21988843821849086
0.21987372428655244
0.21985891113654227
0.21984397270053344
0.21982897392357212
0.2198138440290491
0.21979860192282363
0.21978326901331666
0.21976783784571405
0.21975229714500466
0.21973662499340668
0.21972087455631445
0.21970496231519798
0.219688997783588
0.21967291326343513
0.2196567755354799
0.21964047558249297
0.21962408942691883
0.21960755981197305
0.21959093825532144
0.2195741680325667
0.21955728221070914
0.21954027310984303
0.219523210379692
0.219506045362641
0.21948870257787814
0.2194712471298804
0.21945370082492685
0.21943605980426398
0.21941825995932282
0.21940032278540483
0.21938232623760168
0.219364184426131
0.2193459278460114
0.2193275274159079
0.2193089594711767
0.21929028797181718
0.21927149772707563
0.21925255487067502
0.21923349808083975
0.21921434342739196
0.21919504666880563
0.21917559760544256
0.21915603915098508
0.21913634439528817
0.21911645426714396
0.21909649089136565
0.21907646068776646
0.2190562187607295
0.21903580483453722
0.21901525644254566
0.21899461032456496
0.21897381122607307
0.2189528829642194
0.21893183232438887
0.21891063015172835
0.2188892600053359
0.21886780161484795
0.21884617011724436
0.2188243236452075
0.2188024071825235
0.21878030451318195
0.21875807488204294
0.21873564414906038
0.21871315428522756
0.21869042300884367
0.21866753216139356
0.21864455097747124
0.2186213854342553
0.21859805413570166
0.218574558030427
0.2185508962714376
0.21852712704680746
0.2185031354739019
0.21847905302816198
0.21845474735442272
0.2184302620483765
0.2184056831962687
0.21838084272399252
0.21835587589424638
0.21833072594889247
0.218305452493934
0.21827999031438974
0.2182543624303876
0.2182285543193358
0.21820262795955833
0.2181764022222113
0.2181500617576452
0.2181235325341841
0.21809689804720878
0.21806995735314144
0.2180429101191515
0.2180157029664678
0.2179882304720496
0.21796068698377213
0.21793288723044763
0.21790495729610068
0.21787676239267678
0.21784843146034882
0.21781993329162022
0.21779117035215378
0.2177622560185051
0.2177332300483244
0.21770394065541396
0.21767445339123861
0.2176448095722592
0.21761490975079598
0.21758477248113733
0.21755451191602607
0.21752402361293427
0.21749337251432452
0.2174624906919969
0.21743133803961598
0.21740009284402803
0.2173686050472852
0.21733687134119245
0.21730489672823908
0.21727288402159037
0.21724057628054266
0.21720801708578608
0.21717525334248994
0.21714218867990853
0.21710894150318763
0.21707560659301975
0.21704200566005263
0.21700824200260932
0.21697424038043014
0.21693998527152844
0.21690550815903048
0.2168707384102856
0.2168358427655466
0.2168006024474574
0.21676511214205624
0.21672951877997215
0.21669355119323422
0.216657456119444
0.2166211528391352
0.2165846546138814
0.21654778199426342
0.21651078416600109
0.21647360839552113
0.21643616433099178
0.21639846487461062
0.21636054463475204
0.2163222751837168
0.21628371960731127
0.21624503553279226
0.21620601357731958
0.2161667684467385
0.21612723203691625
0.21608752959281458
0.21604760403774628
0.21600732783273238
0.2159669402956653
0.21592625260167023
0.2158853231029411
0.21584420966098544
0.2158027933358927
0.21576111006341137
0.21571911743122
0.21567704410795704
0.21563449734854617
0.2155916836927553
0.21554878357036109
0.21550551032234364
0.2154619686680849
0.2154181557357253
0.21537419291799523
0.21532990863984852
0.21528532864933758
0.2152404653788045
0.21519536247053983
0.21515004156698328
0.21510430525392898
0.21505827043010214
0.21501207464694616
0.21496560758207564
0.21491876213716835
0.21487181655441134
0.21482458274263133
0.2147769917831295
0.21472907992239562
0.21468075061850614
0.21463231025941829
0.21458364669233512
0.2145345816143112
0.2144853362594121
0.21443566529863636
0.21438594719611107
0.21433587503354204
0.2142853868518516
0.21423464248301569
0.2141836330708846
0.21413227231848656
0.21408067361068953
0.21402884570935127
0.21397636998367497
0.213923845901207
0.2138710251380593
0.21381782037556055
0.21376434845458456
0.21371061207735323
0.21365657039108357
0.2136022744718669
0.21354753337104757
0.21349264870283546
0.21343733699356504
0.213381776418096
0.21332589442716093
0.21326982293839244
0.21321336048317838
0.21315639813380283
0.21309938226586259
0.21304196675563417
0.21298424022365842
0.21292615221980238
0.21286782958637207
0.21280921153305504
0.2127502846803995
0.21269088195944777
0.21263114384240456
0.2125711478751991
0.21251071935398938
0.21245006098969252
0.21238909168856965
0.21232791432125928
0.21226626526186734
0.21220443369986314
0.212142397383374
0.212079912897645
0.21201713683275264
0.2119540170300077
0.2118906898501701
0.2118269265082417
0.21176280968042
0.2116984196150322
0.21163359089746428
0.2115685049547464
0.21150313440262725
0.21143735702411756
0.21137148391576163
0.2113050029625758
0.21123818667632804
0.2111711090833642
0.21110360511662554
0.2110359298177403
0.21096761138772455
0.2108990664700318
0.2108302007485401
0.21076104885186603
0.21069145826594418
0.21062169395800714
0.21055141864999402
0.2104808366763353
0.2104096272266939
0.2103385144953813
0.21026688861445772
0.21019475179620353
0.21012246955152342
0.210049884661605
0.20997700911435171
0.20990379843389667
0.20983022375397262
0.20975620640903728
0.20968191968283245
0.2096073329024167
0.209532473436236
0.20945714999431683
0.20938138811970203
0.20930535344659934
0.20922860801193213
0.20915176204355557
0.20907434564904476
0.20899689446550462
0.20891895717436798
0.20884084638689643
0.20876244859560378
0.20868372164141952
0.20860461087067356
0.208525366910108
0.20844559994007703
0.20836538689768908
0.20828487359189343
0.20820401463486687
0.20812265602624866
0.20804106124229135
0.20795881307199784
0.20787638797037128
0.20779365688615178
0.20771074098977477
0.20762722650180337
0.20754340342582128
0.20745952027931136
0.20737523556768747
0.20729045578782854
0.20720512227253043
0.20711930933781852
0.2070338066083742
0.20694779347991285
0.2068614226928634
0.206774352835531
0.20668732387666477
0.20659988217004216
0.20651206048987839
0.20642368752269985
0.20633498905669828
0.2062458965802382
0.20615657107334226
0.2060666992950876
0.20597670535831264
0.2058866961609621
0.2057958591441523
0.20570457431313044
0.20561310651052073
0.20552145422967114
0.20542962672186044
0.20533716756251724
0.20524471027205912
0.20515150639504412
0.20505799750848264
0.20496439163206442
0.20487036163986855
0.20477592228230695
0.20468127441205608
0.20458621514439354
0.2044907483585741
0.20439517186729175
0.20429888161723933
0.2042025341452038
0.20410567332985746
0.2040085950043378
0.20391149891470736
0.20381376994851416
0.20371582211219208
0.2036177704451258
0.20351887517442685
0.20341988282724183
0.20332008383441752
0.20322029535648217
0.20312026802714495
0.2030200170847244
0.20291931772792168
0.20281840730831577
0.20271721866467832
0.20261524638128123
0.20251315557238878
0.2024107003194608
0.20230837992254164
0.20220546225203492
0.2021020774039297
0.2019985664039892
0.20189451125076133
0.2017901546130644
0.20168570138778702
0.20158091152541227
0.20147592194586203
0.20137052295373595
0.20126465746180047
0.2011586587949374